title:elisys
dimwishlist:item=1179141605&perks=1047830412,3142289711,3161816588,47981717
dimwishlist:item=153979396&perks=1392496348,4134353779,2387244414,2720533289
dimwishlist:item=153979396&perks=1392496348,4134353779,2387244414,2720533289
dimwishlist:item=1572896086&perks=3661387068,106909392,1820235745,124408337
dimwishlist:item=1622998472&perks=3250034553,3142289711,2450788523,3038247973
dimwishlist:item=1622998472&perks=3661387068,3230963543,1168162263,3038247973
dimwishlist:item=1788603939&perks=839105230,1885400500,1359896290,1890422124
dimwishlist:item=1788603939&perks=839105230,1968497646,1820235745,4104185692
dimwishlist:item=1948035256&perks=1482024992,3142289711,706527188,3038247973
dimwishlist:item=2349907931&perks=1840239774,1885400500,2450788523,2846385770
dimwishlist:item=2349907931&perks=4090651448,1885400500,1631667848,691659142
dimwishlist:item=2510526114&perks=1482024992,3142289711,3523296417,1890422124,4091460919
dimwishlist:item=2510526114&perks=3230963543,1820235745,124408337
dimwishlist:item=2510526114&perks=3230963543,1820235745,2846385770
dimwishlist:item=2510526114&perks=3230963543,3828510309,124408337
dimwishlist:item=2510526114&perks=3230963543,3828510309,2846385770
dimwishlist:item=2510526114&perks=4090651448,106909392,3523296417,11612903
dimwishlist:item=2510526114&perks=4090651448,3142289711,1428297954,365154968
dimwishlist:item=2510526114&perks=4134353779,1820235745,124408337
dimwishlist:item=2510526114&perks=4134353779,1820235745,2846385770
dimwishlist:item=2510526114&perks=4134353779,3828510309,124408337
dimwishlist:item=2510526114&perks=4134353779,3828510309,2846385770
dimwishlist:item=2852052802&perks=839105230,679225683,3643424744,4049631843
dimwishlist:item=3292795429&perks=1482024992,1968497646,1365187766,1015611457,4091460919
dimwishlist:item=3653573172&perks=1482024992,3142289711,3418782618,3824105627
dimwishlist:item=3926811686&perks=4090651448,3142289711,3418782618,3673922083,43555494
dimwishlist:item=3926811686&perks=839105230,106909392,3017780555,243981275
dimwishlist:item=3926811686&perks=839105230,3142289711,3017780555,1359896290
dimwishlist:item=3937866388&perks=839105230,3230963543,3523296417,2848615171
dimwishlist:item=3937866388&perks=839105230,4134353779,3523296417,2848615171
dimwishlist:item=3998080529&perks=3250034553,3142289711,1428297954,1015611457
dimwishlist:item=3998080529&perks=4090651448,3142289711,3017780555,1015611457
dimwishlist:item=3998080529&perks=839105230,106909392,3828510309,555281244
dimwishlist:item=867154247&perks=1478423395,3301904089,2308090567,2675184851
dimwishlist:item=867154247&perks=1478423395,3301904089,2308090567,4293542123
dimwishlist:item=867154247&perks=1478423395,3301904089,2869569095,2675184851
dimwishlist:item=867154247&perks=1478423395,3301904089,2869569095,4293542123
dimwishlist:item=882778888&perks=4090651448,3142289711,706527188,3038247973,3326204863
dimwishlist:item=996109059&perks=4090651448,3230963543,1866048759,3038247973
dimwishlist:item=996109059&perks=4090651448,3230963543,2039302152,3038247973
